27 100
0 3
0 21
1 4
1 16
1 25
2 13
3 0
3 10
3 13
3 21
3 22
4 1
4 7
4 8
4 12
4 16
4 17
4 25
4 26
5 14
5 16
5 17
5 19
6 8
6 12
7 4
7 12
7 18
8 4
8 6
8 10
8 11
8 12
8 26
9 13
9 17
9 26
10 3
10 8
10 11
10 13
10 21
10 26
11 8
11 10
11 12
11 15
11 24
12 4
12 6
12 7
12 8
12 11
12 18
12 24
13 2
13 3
13 9
13 10
13 26
14 5
14 16
14 19
15 11
15 23
15 24
16 1
16 4
16 5
16 14
16 17
17 4
17 5
17 9
17 16
17 26
18 7
18 12
18 24
19 5
19 14
20 23
21 0
21 3
21 10
22 3
23 15
23 20
24 11
24 12
24 15
24 18
25 1
25 4
26 4
26 8
26 9
26 10
26 13
26 17
